66
CrgMhc1    0.0000000 0.0162893 0.0300772 0.6287523 0.6295197 0.6322220 0.8877066 0.8860225 0.8887279 0.8934960 0.8932715 0.8876976 0.1174375 0.1100075 0.1174420 0.4113424 0.4105852 0.4220054 0.6397970 0.4929821 0.9599647 0.9837473 0.9518972 0.2210526 0.0517611 0.0553637 0.0714669 0.8846816 0.8735936 0.4589967 0.4544038 0.1518828 0.1571619 0.1469433 0.0558540 0.0503561 0.0465914 0.2039789 0.2092272 0.2093858 0.2203921 0.2097366 0.2332760 0.0545177 0.0506467 0.0522106 0.9114466 0.9101943 0.9137308 1.0185772 1.2312277 1.2193788 1.0698343 1.2888730 1.2809635 1.1762177 1.2763448 1.2922654 0.9272819 0.9244697 1.0597975 1.0583094 1.2781709 1.0680347 1.2884245 1.1536506 
SptMhc1    0.0162893 0.0000000 0.0284179 0.6250274 0.6296341 0.6371152 0.8731010 0.8714305 0.8741427 0.8814372 0.8812085 0.8756708 0.1179362 0.1123412 0.1179338 0.4121414 0.4113838 0.4228084 0.6433286 0.4909572 0.9713109 0.9890823 0.9561439 0.2252430 0.0553580 0.0469916 0.0645972 0.8783534 0.8672953 0.4583118 0.4488504 0.1560277 0.1613222 0.1510390 0.0611295 0.0469525 0.0449880 0.2026931 0.2079521 0.2081115 0.2165188 0.2060249 0.2285102 0.0581511 0.0559791 0.0523821 0.8979585 0.8967171 0.8934908 1.0231301 1.2378183 1.2293987 1.0724996 1.3019994 1.2857491 1.1953191 1.3063262 1.3177714 0.9279132 0.9307797 1.0590197 1.0657985 1.2710042 1.0688155 1.2955637 1.1409885 
HsMhc1     0.0300772 0.0284179 0.0000000 0.6318177 0.6268375 0.6332373 0.8806055 0.8789223 0.8816402 0.8994641 0.8937569 0.8881717 0.1284666 0.1226361 0.1283197 0.4060152 0.4052614 0.4166283 0.6468389 0.4955758 0.9534224 0.9790140 0.9453892 0.2266384 0.0603100 0.0548134 0.0648294 0.8934520 0.8822688 0.4473829 0.4476017 0.1587644 0.1652703 0.1556102 0.0741951 0.0540315 0.0441044 0.2162478 0.2235238 0.2139989 0.2206917 0.2106614 0.2263362 0.0609341 0.0549363 0.0547962 0.9049547 0.9045209 0.9080607 1.0326802 1.2352783 1.2182401 1.0818466 1.2996202 1.2728284 1.1956894 1.2836199 1.2905440 0.9364713 0.9353865 1.0786203 1.0615397 1.2762517 1.0778376 1.3079877 1.1556284 
SpeMhc1    0.6287523 0.6250274 0.6318177 0.0000000 0.2211565 0.2381721 0.9386211 0.9383869 0.9411669 0.9621702 0.9547557 0.9472159 0.6400783 0.6344537 0.6420480 0.6253478 0.6294441 0.6304887 0.8390620 0.7156619 1.0002570 1.0367887 0.9867847 0.6825050 0.6301214 0.6313579 0.6316449 0.8782859 0.8871859 0.5740703 0.5718526 0.6557642 0.6551110 0.6499156 0.6509245 0.6413470 0.6395242 0.6022034 0.6019208 0.6090530 0.6194789 0.5912565 0.5928644 0.6378750 0.6245498 0.6291457 0.9605119 0.9584506 0.9539728 0.9707736 1.1054770 1.1261790 1.0515979 1.3065021 1.2626072 1.1838573 1.2613196 1.2275923 0.9101260 0.9012240 1.0907862 1.0301189 1.2212293 1.0322728 1.2609024 1.1633725 
DmoMhc1    0.6295197 0.6296341 0.6268375 0.2211565 0.0000000 0.0514588 0.9679086 0.9676659 0.9704778 0.9653333 0.9572016 0.9623591 0.5909413 0.5895852 0.5910057 0.6572747 0.6540537 0.6542366 0.8317035 0.7227316 1.0316700 1.0762715 1.0225197 0.6834353 0.6465880 0.6351496 0.6294149 0.9148872 0.9244369 0.5807157 0.5845362 0.6677487 0.6678127 0.6624697 0.6523026 0.6366621 0.6344170 0.5978755 0.5930901 0.6113976 0.6194906 0.5906090 0.5964864 0.6302571 0.6121065 0.6217493 0.9834853 0.9813488 0.9794009 0.9769429 1.1789693 1.1921451 1.0574692 1.3402625 1.3192680 1.1947043 1.2951612 1.2927526 0.9315036 0.8894712 1.0967948 1.0475634 1.2421364 1.0456396 1.3203304 1.2437242 
DmMhc1     0.6322220 0.6371152 0.6332373 0.2381721 0.0514588 0.0000000 0.9796186 0.9793759 0.9821618 0.9849469 0.9767691 0.9818551 0.5909556 0.5896095 0.5929130 0.6519103 0.6487235 0.6485231 0.8352002 0.7212607 1.0335403 1.0806420 1.0244538 0.6799987 0.6468500 0.6381954 0.6334668 0.9045427 0.9140053 0.5761235 0.5776027 0.6569171 0.6610189 0.6517108 0.6573027 0.6444288 0.6405351 0.5902089 0.5846194 0.6034053 0.6047279 0.5846669 0.5847289 0.6329810 0.6183075 0.6266873 0.9925891 0.9904545 0.9885130 0.9827649 1.1667106 1.1782033 1.0603086 1.3275952 1.3172950 1.1957073 1.2906709 1.2816241 0.9209386 0.8929661 1.0864920 1.0239499 1.2400018 1.0471265 1.3442608 1.2293649 
CrgMhc10   0.8877066 0.8731010 0.8806055 0.9386211 0.9679086 0.9796186 0.0000000 0.0016334 0.0032680 0.2035467 0.2021401 0.1980022 0.9281578 0.9213164 0.9231172 0.8713677 0.8456370 0.8483985 1.1612165 0.9626729 0.2407418 0.2232515 0.2300211 0.9649866 0.8824704 0.8813019 0.8908906 0.3464230 0.3460983 0.8684744 0.8569082 0.8639789 0.8614658 0.8574254 0.9335512 0.9142574 0.9041540 0.8926275 0.8816281 0.8741575 0.8695702 0.8550152 0.8451437 0.9053823 0.8821401 0.8876779 0.1502545 0.1484134 0.1505689 0.9384366 1.1600187 1.1663159 0.9741831 1.1957832 1.1885619 1.0662300 1.2534914 1.2660261 0.7564680 0.7471187 0.8902459 0.8553359 1.0313002 0.8547133 1.0931430 1.0117688 
SptMhc10   0.8860225 0.8714305 0.8789223 0.9383869 0.9676659 0.9793759 0.0016334 0.0000000 0.0016331 0.2015858 0.2001767 0.1960450 0.9263808 0.9195745 0.9213691 0.8711923 0.8454673 0.8482288 1.1609289 0.9608370 0.2407042 0.2232091 0.2299853 0.9631791 0.8807856 0.8796112 0.8891868 0.3464116 0.3460869 0.8668046 0.8552530 0.8623117 0.8598002 0.8557673 0.9317830 0.9125286 0.9024346 0.8909315 0.8799531 0.8724841 0.8678431 0.8533680 0.8435099 0.9036446 0.8804456 0.8859747 0.1483951 0.1465557 0.1487049 0.9348231 1.1578445 1.1641114 0.9732253 1.1955240 1.1883732 1.0664413 1.2511667 1.2636789 0.7553781 0.7460378 0.8935334 0.8555709 1.0275340 0.8535153 1.0892793 1.0115616 
HsMhc10    0.8887279 0.8741427 0.8816402 0.9411669 0.9704778 0.9821618 0.0032680 0.0016331 0.0000000 0.1996491 0.1982373 0.1941109 0.9291541 0.9223062 0.9241071 0.8739383 0.8482049 0.8509573 1.1581592 0.9636333 0.2426791 0.2255950 0.2319404 0.9659277 0.8835024 0.8823399 0.8919176 0.3442448 0.3439197 0.8695247 0.8579722 0.8650366 0.8625275 0.8584903 0.9345320 0.9152534 0.9051642 0.8936464 0.8826557 0.8751989 0.8706542 0.8560779 0.8462173 0.9064009 0.8831788 0.8887109 0.1465495 0.1447104 0.1468556 0.9349230 1.1580338 1.1643053 0.9760862 1.1957306 1.1885777 1.0693091 1.2513985 1.2639169 0.7526860 0.7433436 0.8962992 0.8583309 1.0304011 0.8561954 1.0921461 1.0133226 
CrgMhc11   0.8934960 0.8814372 0.8994641 0.9621702 0.9653333 0.9849469 0.2035467 0.2015858 0.1996491 0.0000000 0.0113552 0.0261117 0.9090608 0.9093486 0.9111109 0.8860598 0.8700611 0.8656846 1.1376731 0.9804717 0.3154271 0.3165755 0.3208023 0.9584050 0.8877175 0.8845721 0.8962106 0.3836335 0.3845814 0.8657581 0.8506208 0.8643093 0.8609116 0.8643684 0.9250874 0.9110195 0.8919143 0.9055516 0.8951279 0.8852503 0.8833637 0.8720614 0.8815906 0.8978590 0.8732203 0.8788584 0.1889776 0.1909007 0.1889240 0.9008338 1.1557361 1.1441531 0.9933397 1.2162578 1.1756254 1.0909680 1.2404356 1.2834523 0.7727259 0.7394599 0.8561636 0.8892706 1.1068621 0.8556451 1.1203894 1.0180377 
SptMhc11   0.8932715 0.8812085 0.8937569 0.9547557 0.9572016 0.9767691 0.2021401 0.2001767 0.1982373 0.0113552 0.0000000 0.0195525 0.9133657 0.9123828 0.9162110 0.8852789 0.8692804 0.8649059 1.1420782 0.9814100 0.3180537 0.3168383 0.3240316 0.9620621 0.8883506 0.8849350 0.8939420 0.3875847 0.3885324 0.8662356 0.8510992 0.8623535 0.8589596 0.8624140 0.9270959 0.9123914 0.8895671 0.8997297 0.8925466 0.8814928 0.8786408 0.8683482 0.8778468 0.9000604 0.8712457 0.8768733 0.1851310 0.1870499 0.1850765 0.8994416 1.1575864 1.1511111 0.9990881 1.2224242 1.1684889 1.0995777 1.2591684 1.2811954 0.7681557 0.7410518 0.8553419 0.8834050 1.1104778 0.8586070 1.1241854 1.0188765 
HsMhc11    0.8876976 0.8756708 0.8881717 0.9472159 0.9623591 0.9818551 0.1980022 0.1960450 0.1941109 0.0261117 0.0195525 0.0000000 0.8969507 0.8982090 0.8999361 0.8792650 0.8633562 0.8590201 1.1323556 0.9703717 0.3243088 0.3187490 0.3259499 0.9538072 0.8834802 0.8793607 0.8939323 0.3844275 0.3853757 0.8586859 0.8500650 0.8556430 0.8551374 0.8585873 0.9228045 0.9139977 0.8864212 0.8969391 0.8878154 0.8787858 0.8717385 0.8582600 0.8676703 0.8886479 0.8669126 0.8725219 0.1924267 0.1943482 0.1923721 0.9056595 1.1502577 1.1436795 1.0100094 1.2288917 1.1833409 1.0925484 1.2678928 1.2782966 0.7679453 0.7444678 0.8554968 0.8952378 1.1233540 0.8603529 1.1176499 1.0268839 
CrgMhc13   0.1174375 0.1179362 0.1284666 0.6400783 0.5909413 0.5909556 0.9281578 0.9263808 0.9291541 0.9090608 0.9133657 0.8969507 0.0000000 0.0166530 0.0166415 0.4008982 0.4048886 0.4099001 0.6064361 0.4626569 1.0044924 1.0176961 0.9928596 0.2396460 0.1305981 0.1256299 0.1452599 0.9223575 0.9209314 0.4625455 0.4639507 0.1875679 0.1952951 0.1821712 0.1224746 0.1217533 0.1189863 0.1962048 0.1965983 0.2078039 0.2163590 0.2037181 0.2241013 0.1273287 0.1306457 0.1264154 0.9366361 0.9353307 0.9319922 1.0247587 1.2144892 1.2292051 1.0973705 1.3220191 1.3311400 1.2172414 1.3052410 1.3102039 0.9256727 0.9182034 1.0772841 1.0797338 1.2841998 1.0888661 1.3155518 1.1740740 
SptMhc13   0.1100075 0.1123412 0.1226361 0.6344537 0.5895852 0.5896095 0.9213164 0.9195745 0.9223062 0.9093486 0.9123828 0.8982090 0.0166530 0.0000000 0.0098246 0.4064531 0.4083059 0.4132700 0.6113152 0.4629122 0.9995068 1.0116969 0.9840833 0.2364334 0.1260921 0.1212335 0.1393047 0.9171603 0.9157595 0.4554003 0.4547011 0.1871440 0.1947746 0.1818168 0.1146011 0.1137362 0.1150768 0.1900504 0.1977264 0.1973203 0.2136890 0.1971678 0.2171723 0.1269095 0.1301743 0.1260131 0.9278213 0.9265444 0.9232670 1.0151243 1.2057544 1.2234981 1.0782312 1.3066107 1.3118034 1.2021830 1.2956882 1.2947243 0.9176795 0.9141398 1.0770843 1.0707296 1.2755627 1.0762488 1.3082675 1.1602856 
HsMhc13    0.1174420 0.1179338 0.1283197 0.6420480 0.5910057 0.5929130 0.9231172 0.9213691 0.9241071 0.9111109 0.9162110 0.8999361 0.0166415 0.0098246 0.0000000 0.4063609 0.4082139 0.4131789 0.6115091 0.4653100 1.0021839 1.0150115 0.9866828 0.2393309 0.1319248 0.1270337 0.1413352 0.9176393 0.9162359 0.4611859 0.4605009 0.1929779 0.2006331 0.1875953 0.1222176 0.1232129 0.1208039 0.1936303 0.1969806 0.2026451 0.2174710 0.2007785 0.2187213 0.1311630 0.1360353 0.1280943 0.9317514 0.9304670 0.9271757 1.0134260 1.2050393 1.2227672 1.0783686 1.3017927 1.3069193 1.2004018 1.2949023 1.3001427 0.9179395 0.9141804 1.0779661 1.0734855 1.2698107 1.0846487 1.3085976 1.1629177 
CrgMhc14   0.4113424 0.4121414 0.4060152 0.6253478 0.6572747 0.6519103 0.8713677 0.8711923 0.8739383 0.8860598 0.8852789 0.8792650 0.4008982 0.4064531 0.4063609 0.0000000 0.0201308 0.0286187 0.5508033 0.3848293 0.9015664 0.9321788 0.9006079 0.4751327 0.4144072 0.4215207 0.4192730 0.8661784 0.8690567 0.4820894 0.4852836 0.4051069 0.4007245 0.4052625 0.4153431 0.4148689 0.4074928 0.3573044 0.3675367 0.3631812 0.3635300 0.3490449 0.3505792 0.4105575 0.4013661 0.4059368 0.9004221 0.8991664 0.9017274 0.9756235 1.1282230 1.1538772 1.0109756 1.2647041 1.2513503 1.1113135 1.2195941 1.2034140 0.8822247 0.8940266 1.0449116 1.0056148 1.2913335 1.0328516 1.3327370 1.0533775 
SptMhc14   0.4105852 0.4113838 0.4052614 0.6294441 0.6540537 0.6487235 0.8456370 0.8454673 0.8482049 0.8700611 0.8692804 0.8633562 0.4048886 0.4083059 0.4082139 0.0201308 0.0000000 0.0183577 0.5504613 0.3840131 0.8971717 0.9315663 0.8954297 0.4641288 0.4159293 0.4207596 0.4185112 0.8590473 0.8619141 0.4812454 0.4851698 0.4046771 0.4002963 0.4048334 0.4137143 0.4132485 0.4058931 0.3612481 0.3715405 0.3671453 0.3713521 0.3558932 0.3579242 0.4094191 0.3983943 0.4029580 0.8891641 0.8879221 0.8904718 0.9911262 1.1299254 1.1556783 1.0164224 1.2523809 1.2315610 1.1140339 1.2219387 1.2056527 0.8628382 0.8719765 1.0547982 1.0158879 1.2834699 1.0380244 1.3243951 1.0747897 
HsMhc14    0.4220054 0.4228084 0.4166283 0.6304887 0.6542366 0.6485231 0.8483985 0.8482288 0.8509573 0.8656846 0.8649059 0.8590201 0.4099001 0.4132700 0.4131789 0.0286187 0.0183577 0.0000000 0.5592658 0.3955599 0.8928413 0.9261009 0.8911157 0.4778296 0.4273955 0.4322415 0.4300021 0.8607830 0.8636416 0.4897263 0.4878901 0.4149215 0.4105042 0.4150589 0.4252691 0.4247482 0.4173155 0.3734607 0.3838567 0.3793731 0.3845172 0.3683450 0.3703972 0.4196501 0.4084796 0.4130668 0.8846145 0.8833810 0.8859203 1.0019623 1.1301077 1.1558397 1.0228936 1.2481465 1.2407496 1.1035670 1.2245296 1.2082226 0.8721604 0.8862116 1.0419857 0.9995387 1.2732998 1.0294061 1.3179141 1.0517193 
CrgMhc15   0.6397970 0.6433286 0.6468389 0.8390620 0.8317035 0.8352002 1.1612165 1.1609289 1.1581592 1.1376731 1.1420782 1.1323556 0.6064361 0.6113152 0.6115091 0.5508033 0.5504613 0.5592658 0.0000000 0.3322496 1.2025517 1.2577537 1.2169361 0.7039337 0.6439681 0.6496619 0.6376156 1.0947698 1.0982333 0.7508236 0.7514120 0.6389153 0.6437144 0.6336252 0.6463526 0.6446417 0.6229313 0.5995503 0.6089055 0.6004345 0.6046615 0.6093069 0.6041521 0.6507748 0.6375871 0.6392179 1.1522746 1.1507240 1.1543748 1.1491908 1.3371593 1.3873905 1.2095305 1.4474114 1.4631352 1.3480131 1.4155827 1.4080012 1.0483288 1.0314101 1.3278202 1.2031222 1.3469909 1.2476397 1.4599160 1.2986828 
HsMhc15    0.4929821 0.4909572 0.4955758 0.7156619 0.7227316 0.7212607 0.9626729 0.9608370 0.9636333 0.9804717 0.9814100 0.9703717 0.4626569 0.4629122 0.4653100 0.3848293 0.3840131 0.3955599 0.3322496 0.0000000 1.0126397 1.0860801 1.0247541 0.5571103 0.4897665 0.4965303 0.4903468 0.9720637 0.9714745 0.5777474 0.5809921 0.4633764 0.4755486 0.4656487 0.4986157 0.4910268 0.4721807 0.4419247 0.4497572 0.4528727 0.4430988 0.4501637 0.4417914 0.4965296 0.4869618 0.4899076 0.9706324 0.9692883 0.9724998 1.0239254 1.2153613 1.2406122 1.1048800 1.3680774 1.3457810 1.2610109 1.2956795 1.2574877 0.9424693 0.9268834 1.1351399 1.0932864 1.2921228 1.0921060 1.3346972 1.1707396 
CrgMhc16   0.9599647 0.9713109 0.9534224 1.0002570 1.0316700 1.0335403 0.2407418 0.2407042 0.2426791 0.3154271 0.3180537 0.3243088 1.0044924 0.9995068 1.0021839 0.9015664 0.8971717 0.8928413 1.2025517 1.0126397 0.0000000 0.0187534 0.0171177 1.0312046 0.9537289 0.9556055 0.9557845 0.3957329 0.3941137 0.9287467 0.9411858 0.9259694 0.9112335 0.9137006 0.9950628 0.9854699 0.9567863 0.9414037 0.9368695 0.9260355 0.9261322 0.9292403 0.9189669 0.9618280 0.9415246 0.9471933 0.2600716 0.2580382 0.2624024 1.0241262 1.2055324 1.2337123 1.0594169 1.2550424 1.2801330 1.1199510 1.2821511 1.3095276 0.8414144 0.8301613 0.9435733 0.9475724 1.1759578 0.9221165 1.1888058 1.0508205 
SptMhc16   0.9837473 0.9890823 0.9790140 1.0367887 1.0762715 1.0806420 0.2232515 0.2232091 0.2255950 0.3165755 0.3168383 0.3187490 1.0176961 1.0116969 1.0150115 0.9321788 0.9315663 0.9261009 1.2577537 1.0860801 0.0187534 0.0000000 0.0208775 1.0631888 0.9726909 0.9712773 0.9724027 0.4092652 0.4085111 0.9721486 0.9783422 0.9508244 0.9331820 0.9361717 1.0206836 1.0170696 0.9926653 0.9525653 0.9418903 0.9283264 0.9392379 0.9434825 0.9234925 0.9813346 0.9632640 0.9651854 0.2627641 0.2602835 0.2606262 1.1155996 1.2447474 1.2966149 1.0986858 1.3096539 1.2860542 1.1904862 1.3432682 1.3657323 0.8770281 0.8911428 1.0013489 1.0317042 1.2161594 0.9905471 1.2738460 1.1205534 
HsMhc16    0.9518972 0.9561439 0.9453892 0.9867847 1.0225197 1.0244538 0.2300211 0.2299853 0.2319404 0.3208023 0.3240316 0.3259499 0.9928596 0.9840833 0.9866828 0.9006079 0.8954297 0.8911157 1.2169361 1.0247541 0.0171177 0.0208775 0.0000000 1.0116974 0.9403051 0.9351971 0.9354187 0.3877136 0.3871170 0.9166790 0.9302176 0.9261231 0.9113996 0.9138644 0.9866421 0.9765246 0.9571555 0.9316661 0.9309879 0.9164399 0.9149284 0.9180633 0.9033135 0.9447263 0.9287491 0.9343529 0.2678601 0.2658143 0.2661033 1.0042860 1.2040369 1.2407726 1.0458371 1.2488991 1.2787265 1.1019552 1.2890412 1.3005110 0.8274155 0.8291997 0.9343254 0.9423219 1.1714685 0.9118472 1.1753085 1.0421903 
CrcMhc2    0.2210526 0.2252430 0.2266384 0.6825050 0.6834353 0.6799987 0.9649866 0.9631791 0.9659277 0.9584050 0.9620621 0.9538072 0.2396460 0.2364334 0.2393309 0.4751327 0.4641288 0.4778296 0.7039337 0.5571103 1.0312046 1.0631888 1.0116974 0.0000000 0.2309504 0.2315082 0.2358270 0.9507878 0.9495382 0.5391413 0.5412338 0.2809399 0.2847922 0.2800140 0.2244044 0.2191107 0.2165916 0.3196938 0.3284310 0.3374523 0.3535802 0.3518209 0.3656769 0.2312318 0.2278543 0.2288807 0.9892459 0.9918262 0.9884643 1.1016594 1.2843362 1.3156563 1.1517366 1.4028974 1.3703647 1.2659662 1.3839105 1.3581611 0.9693439 0.9876020 1.1054934 1.0970968 1.2717469 1.0841137 1.3395814 1.2142920 
CrgMhc2    0.0517611 0.0553580 0.0603100 0.6301214 0.6465880 0.6468500 0.8824704 0.8807856 0.8835024 0.8877175 0.8883506 0.8834802 0.1305981 0.1260921 0.1319248 0.4144072 0.4159293 0.4273955 0.6439681 0.4897665 0.9537289 0.9726909 0.9403051 0.2309504 0.0000000 0.0214590 0.0471149 0.8827999 0.8889073 0.4618285 0.4609628 0.1414884 0.1459912 0.1369379 0.0773225 0.0698101 0.0650392 0.2197946 0.2261811 0.2168666 0.2314890 0.2226852 0.2296198 0.0674627 0.0575286 0.0538834 0.9142452 0.9150874 0.9186543 1.0160370 1.2030079 1.2261602 1.0874140 1.3112328 1.2937272 1.1880407 1.2854517 1.2798398 0.9242323 0.9294926 1.0617608 1.0598195 1.2798802 1.0867843 1.3086934 1.1638642 
SptMhc2    0.0553637 0.0469916 0.0548134 0.6313579 0.6351496 0.6381954 0.8813019 0.8796112 0.8823399 0.8845721 0.8849350 0.8793607 0.1256299 0.1212335 0.1270337 0.4215207 0.4207596 0.4322415 0.6496619 0.4965303 0.9556055 0.9712773 0.9351971 0.2315082 0.0214590 0.0000000 0.0329962 0.8857933 0.8919247 0.4488262 0.4453833 0.1400516 0.1443750 0.1352573 0.0793505 0.0683183 0.0613095 0.2087637 0.2149227 0.2038334 0.2245636 0.2139749 0.2208477 0.0696565 0.0505177 0.0504826 0.9125955 0.9121603 0.9088967 1.0033631 1.2054025 1.2331707 1.0698044 1.3102657 1.2785239 1.1882188 1.2821852 1.2808600 0.9292343 0.9377107 1.0591604 1.0591344 1.2855041 1.0718921 1.3137199 1.1596520 
HsMhc2     0.0714669 0.0645972 0.0648294 0.6316449 0.6294149 0.6334668 0.8908906 0.8891868 0.8919176 0.8962106 0.8939420 0.8939323 0.1452599 0.1393047 0.1413352 0.4192730 0.4185112 0.4300021 0.6376156 0.4903468 0.9557845 0.9724027 0.9354187 0.2358270 0.0471149 0.0329962 0.0000000 0.8822291 0.8883472 0.4535965 0.4475776 0.1458428 0.1519476 0.1427827 0.0929559 0.0816518 0.0706113 0.2214118 0.2272140 0.2163683 0.2345293 0.2245351 0.2305448 0.0733108 0.0575098 0.0521838 0.9267875 0.9263534 0.9230788 1.0035649 1.2073109 1.2394239 1.0780043 1.3032101 1.2853620 1.1846958 1.2801375 1.2851750 0.9375250 0.9442610 1.0628148 1.0464416 1.2727549 1.0762246 1.3130932 1.1836886 
DmoMhc2    0.8846816 0.8783534 0.8934520 0.8782859 0.9148872 0.9045427 0.3464230 0.3464116 0.3442448 0.3836335 0.3875847 0.3844275 0.9223575 0.9171603 0.9176393 0.8661784 0.8590473 0.8607830 1.0947698 0.9720637 0.3957329 0.4092652 0.3877136 0.9507878 0.8827999 0.8857933 0.8822291 0.0000000 0.0099277 0.8552527 0.8441549 0.8499117 0.8385264 0.8417239 0.9288235 0.9050999 0.8854823 0.8686956 0.8649535 0.8581074 0.8361157 0.8253303 0.8244754 0.9048304 0.8866696 0.8881278 0.3665939 0.3643515 0.3628268 0.9212417 1.0842305 1.1194791 0.9933822 1.1958568 1.2028779 1.1145615 1.2186240 1.2584514 0.7561154 0.7539599 0.8888274 0.8790280 1.0777311 0.8336043 1.1280528 0.9405736 
DmMhc2     0.8735936 0.8672953 0.8822688 0.8871859 0.9244369 0.9140053 0.3460983 0.3460869 0.3439197 0.3845814 0.3885324 0.3853757 0.9209314 0.9157595 0.9162359 0.8690567 0.8619141 0.8636416 1.0982333 0.9714745 0.3941137 0.4085111 0.3871170 0.9495382 0.8889073 0.8919247 0.8883472 0.0099277 0.0000000 0.8629767 0.8497310 0.8531044 0.8416954 0.8448993 0.9269445 0.8996453 0.8743314 0.8642508 0.8595231 0.8527013 0.8305850 0.8200645 0.8210035 0.9026639 0.8845486 0.8860060 0.3659275 0.3636859 0.3621607 0.9176025 1.0858767 1.1144302 0.9931006 1.1921939 1.1977022 1.1129707 1.2178368 1.2547714 0.7477221 0.7488405 0.8831511 0.8705281 1.0761773 0.8289788 1.1256994 0.9358433 
SptMhc20   0.4589967 0.4583118 0.4473829 0.5740703 0.5807157 0.5761235 0.8684744 0.8668046 0.8695247 0.8657581 0.8662356 0.8586859 0.4625455 0.4554003 0.4611859 0.4820894 0.4812454 0.4897263 0.7508236 0.5777474 0.9287467 0.9721486 0.9166790 0.5391413 0.4618285 0.4488262 0.4535965 0.8552527 0.8629767 0.0000000 0.0476756 0.4614605 0.4640038 0.4630054 0.4735814 0.4686412 0.4445426 0.4279200 0.4348514 0.4267917 0.4331364 0.4274331 0.4366420 0.4674333 0.4563843 0.4595391 0.8454433 0.8476684 0.8520445 0.9948948 1.1849175 1.2187339 1.0263102 1.2499099 1.2520581 1.1518293 1.2097405 1.2613330 0.9044120 0.8400738 1.0283695 0.9762567 1.1988368 0.9929634 1.2857519 1.0874803 
HsMhc20    0.4544038 0.4488504 0.4476017 0.5718526 0.5845362 0.5776027 0.8569082 0.8552530 0.8579722 0.8506208 0.8510992 0.8500650 0.4639507 0.4547011 0.4605009 0.4852836 0.4851698 0.4878901 0.7514120 0.5809921 0.9411858 0.9783422 0.9302176 0.5412338 0.4609628 0.4453833 0.4475776 0.8441549 0.8497310 0.0476756 0.0000000 0.4694999 0.4701938 0.4691972 0.4708710 0.4659491 0.4455152 0.4289606 0.4373590 0.4319305 0.4406617 0.4315598 0.4445261 0.4606997 0.4507842 0.4539200 0.8422677 0.8444849 0.8423152 0.9756780 1.1651327 1.2148356 1.0401056 1.2573178 1.2586839 1.1718642 1.2023123 1.2540814 0.8893406 0.8397422 1.0256077 0.9639213 1.2091461 0.9708717 1.2774124 1.0711400 
CrgMhc3    0.1518828 0.1560277 0.1587644 0.6557642 0.6677487 0.6569171 0.8639789 0.8623117 0.8650366 0.8643093 0.8623535 0.8556430 0.1875679 0.1871440 0.1929779 0.4051069 0.4046771 0.4149215 0.6389153 0.4633764 0.9259694 0.9508244 0.9261231 0.2809399 0.1414884 0.1400516 0.1458428 0.8499117 0.8531044 0.4614605 0.4694999 0.0000000 0.0182771 0.0082554 0.1765361 0.1668490 0.1583011 0.2203063 0.2313193 0.2254131 0.2235900 0.2251825 0.2303778 0.1534170 0.1352809 0.1353565 0.9018412 0.9052743 0.9020332 1.0290207 1.2069556 1.2391626 1.0778319 1.3087218 1.2968902 1.1955332 1.2441036 1.2857863 0.9283650 0.9134432 1.0525308 1.0199594 1.2025443 1.0497306 1.2693882 1.1386807 
SptMhc3    0.1571619 0.1613222 0.1652703 0.6551110 0.6678127 0.6610189 0.8614658 0.8598002 0.8625275 0.8609116 0.8589596 0.8551374 0.1952951 0.1947746 0.2006331 0.4007245 0.4002963 0.4105042 0.6437144 0.4755486 0.9112335 0.9331820 0.9113996 0.2847922 0.1459912 0.1443750 0.1519476 0.8385264 0.8416954 0.4640038 0.4701938 0.0182771 0.0000000 0.0115631 0.1839043 0.1741766 0.1648024 0.2308839 0.2441419 0.2360227 0.2347044 0.2359041 0.2381399 0.1564573 0.1361059 0.1361810 0.8933714 0.8957263 0.8924908 1.0161542 1.1997321 1.2247442 1.0663877 1.3029290 1.2965512 1.1827424 1.2394811 1.2830254 0.9046711 0.8977738 1.0404711 1.0256324 1.1882970 1.0320562 1.2672357 1.1187262 
HsMhc3     0.1469433 0.1510390 0.1556102 0.6499156 0.6624697 0.6517108 0.8574254 0.8557673 0.8584903 0.8643684 0.8624140 0.8585873 0.1821712 0.1818168 0.1875953 0.4052625 0.4048334 0.4150589 0.6336252 0.4656487 0.9137006 0.9361717 0.9138644 0.2800140 0.1369379 0.1352573 0.1427827 0.8417239 0.8448993 0.4630054 0.4691972 0.0082554 0.0115631 0.0000000 0.1732268 0.1636243 0.1551534 0.2171827 0.2302642 0.2222575 0.2202944 0.2219953 0.2271346 0.1506660 0.1322577 0.1323329 0.9018722 0.8985402 0.8953078 1.0207140 1.1990758 1.2310690 1.0728847 1.3015850 1.2951973 1.1905384 1.2458090 1.2850766 0.9155478 0.9022715 1.0480977 1.0142243 1.1965363 1.0395384 1.2774382 1.1245630 
CrgMhc4    0.0558540 0.0611295 0.0741951 0.6509245 0.6523026 0.6573027 0.9335512 0.9317830 0.9345320 0.9250874 0.9270959 0.9228045 0.1224746 0.1146011 0.1222176 0.4153431 0.4137143 0.4252691 0.6463526 0.4986157 0.9950628 1.0206836 0.9866421 0.2244044 0.0773225 0.0793505 0.0929559 0.9288235 0.9269445 0.4735814 0.4708710 0.1765361 0.1839043 0.1732268 0.0000000 0.0334703 0.0473310 0.2209447 0.2281089 0.2303259 0.2456867 0.2338415 0.2496439 0.0821411 0.0904858 0.0866582 0.9543866 0.9530770 0.9567454 1.0314726 1.2215461 1.2242518 1.0809190 1.2910041 1.2799264 1.2230737 1.2961133 1.3000628 0.9367071 0.9356947 1.0815871 1.0693263 1.2944190 1.1010260 1.3047873 1.1599822 
SptMhc4    0.0503561 0.0469525 0.0540315 0.6413470 0.6366621 0.6444288 0.9142574 0.9125286 0.9152534 0.9110195 0.9123914 0.9139977 0.1217533 0.1137362 0.1232129 0.4148689 0.4132485 0.4247482 0.6446417 0.4910268 0.9854699 1.0170696 0.9765246 0.2191107 0.0698101 0.0683183 0.0816518 0.9050999 0.8996453 0.4686412 0.4659491 0.1668490 0.1741766 0.1636243 0.0334703 0.0000000 0.0355909 0.2158318 0.2226151 0.2230677 0.2258238 0.2163065 0.2315567 0.0711735 0.0759622 0.0722240 0.9326450 0.9313650 0.9349644 1.0390006 1.2318078 1.2276961 1.0886022 1.3065576 1.2873742 1.2037360 1.3036597 1.3096382 0.9431344 0.9597004 1.0740869 1.0622704 1.2973737 1.0977568 1.3155488 1.1684530 
HsMhc4     0.0465914 0.0449880 0.0441044 0.6395242 0.6344170 0.6405351 0.9041540 0.9024346 0.9051642 0.8919143 0.8895671 0.8864212 0.1189863 0.1150768 0.1208039 0.4074928 0.4058931 0.4173155 0.6229313 0.4721807 0.9567863 0.9926653 0.9571555 0.2165916 0.0650392 0.0613095 0.0706113 0.8854823 0.8743314 0.4445426 0.4455152 0.1583011 0.1648024 0.1551534 0.0473310 0.0355909 0.0000000 0.2059616 0.2154452 0.2132726 0.2252606 0.2163381 0.2327534 0.0678228 0.0687462 0.0650522 0.9175416 0.9171070 0.9206819 1.0309828 1.2194727 1.2153808 1.0600639 1.2971137 1.2760344 1.1913845 1.2663639 1.2855055 0.9218996 0.9242194 1.0518091 1.0530961 1.2642991 1.0823014 1.2956583 1.1447732 
CrgMhc6    0.2039789 0.2026931 0.2162478 0.6022034 0.5978755 0.5902089 0.8926275 0.8909315 0.8936464 0.9055516 0.8997297 0.8969391 0.1962048 0.1900504 0.1936303 0.3573044 0.3612481 0.3734607 0.5995503 0.4419247 0.9414037 0.9525653 0.9316661 0.3196938 0.2197946 0.2087637 0.2214118 0.8686956 0.8642508 0.4279200 0.4289606 0.2203063 0.2308839 0.2171827 0.2209447 0.2158318 0.2059616 0.0000000 0.0264725 0.0314593 0.0820735 0.0820750 0.1031826 0.2140821 0.2019563 0.2025283 0.9106731 0.9094155 0.9061129 1.0057902 1.1509188 1.1731921 1.0171890 1.2462224 1.2561305 1.1604725 1.2458817 1.2476876 0.8833797 0.8671549 1.0719959 0.9843427 1.2294011 1.0339182 1.2507973 1.1485782 
SptMhc6    0.2092272 0.2079521 0.2235238 0.6019208 0.5930901 0.5846194 0.8816281 0.8799531 0.8826557 0.8951279 0.8925466 0.8878154 0.1965983 0.1977264 0.1969806 0.3675367 0.3715405 0.3838567 0.6089055 0.4497572 0.9368695 0.9418903 0.9309879 0.3284310 0.2261811 0.2149227 0.2272140 0.8649535 0.8595231 0.4348514 0.4373590 0.2313193 0.2441419 0.2302642 0.2281089 0.2226151 0.2154452 0.0264725 0.0000000 0.0281244 0.0818036 0.0765036 0.0991759 0.2245691 0.2108828 0.2114753 0.9025202 0.9012741 0.8979907 0.9988400 1.1483878 1.1618610 1.0104264 1.2499361 1.2550335 1.1566853 1.2380332 1.2349067 0.8837666 0.8587661 1.0645788 0.9825961 1.2209744 1.0310134 1.2370986 1.1498085 
HsMhc6     0.2093858 0.2081115 0.2139989 0.6090530 0.6113976 0.6034053 0.8741575 0.8724841 0.8751989 0.8852503 0.8814928 0.8787858 0.2078039 0.1973203 0.2026451 0.3631812 0.3671453 0.3793731 0.6004345 0.4528727 0.9260355 0.9283264 0.9164399 0.3374523 0.2168666 0.2038334 0.2163683 0.8581074 0.8527013 0.4267917 0.4319305 0.2254131 0.2360227 0.2222575 0.2303259 0.2230677 0.2132726 0.0314593 0.0281244 0.0000000 0.0896607 0.0770297 0.0959440 0.2220959 0.2046467 0.2052240 0.8969362 0.8956902 0.8923994 0.9823449 1.1545932 1.1768337 1.0056427 1.2486710 1.2532882 1.1460221 1.2336313 1.2509376 0.8963943 0.8779345 1.0795843 0.9879326 1.2191316 1.0293108 1.2525993 1.1383763 
CrgMhc7    0.2203921 0.2165188 0.2206917 0.6194789 0.6194906 0.6047279 0.8695702 0.8678431 0.8706542 0.8833637 0.8786408 0.8717385 0.2163590 0.2136890 0.2174710 0.3635300 0.3713521 0.3845172 0.6046615 0.4430988 0.9261322 0.9392379 0.9149284 0.3535802 0.2314890 0.2245636 0.2345293 0.8361157 0.8305850 0.4331364 0.4406617 0.2235900 0.2347044 0.2202944 0.2456867 0.2258238 0.2252606 0.0820735 0.0818036 0.0896607 0.0000000 0.0279184 0.0477928 0.2230356 0.2139324 0.2152593 0.8827771 0.8815046 0.8775253 1.0285023 1.1865382 1.2004130 1.0559544 1.2950193 1.2785329 1.1966661 1.2669794 1.2811844 0.9075682 0.8866467 1.0739641 0.9960245 1.2388638 1.0266625 1.2792840 1.1455361 
SptMhc7    0.2097366 0.2060249 0.2106614 0.5912565 0.5906090 0.5846669 0.8550152 0.8533680 0.8560779 0.8720614 0.8683482 0.8582600 0.2037181 0.1971678 0.2007785 0.3490449 0.3558932 0.3683450 0.6093069 0.4501637 0.9292403 0.9434825 0.9180633 0.3518209 0.2226852 0.2139749 0.2245351 0.8253303 0.8200645 0.4274331 0.4315598 0.2251825 0.2359041 0.2219953 0.2338415 0.2163065 0.2163381 0.0820750 0.0765036 0.0770297 0.0279184 0.0000000 0.0284190 0.2229423 0.2068281 0.2080817 0.8720417 0.8708279 0.8665321 0.9998630 1.1530436 1.1696179 1.0173760 1.2509528 1.2310956 1.1528138 1.2514387 1.2536844 0.8908605 0.8700903 1.0441623 0.9737816 1.2172626 1.0115857 1.2388840 1.1082599 
HsMhc7     0.2332760 0.2285102 0.2263362 0.5928644 0.5964864 0.5847289 0.8451437 0.8435099 0.8462173 0.8815906 0.8778468 0.8676703 0.2241013 0.2171723 0.2187213 0.3505792 0.3579242 0.3703972 0.6041521 0.4417914 0.9189669 0.9234925 0.9033135 0.3656769 0.2296198 0.2208477 0.2305448 0.8244754 0.8210035 0.4366420 0.4445261 0.2303778 0.2381399 0.2271346 0.2496439 0.2315567 0.2327534 0.1031826 0.0991759 0.0959440 0.0477928 0.0284190 0.0000000 0.2327497 0.2143313 0.2126331 0.8718862 0.8706710 0.8658779 1.0013807 1.1432808 1.1623253 1.0154153 1.2490670 1.2289889 1.1631352 1.2403471 1.2425451 0.8854444 0.8667434 1.0624197 0.9736987 1.2198176 1.0197042 1.2591969 1.1098257 
CrgMhc8    0.0545177 0.0581511 0.0609341 0.6378750 0.6302571 0.6329810 0.9053823 0.9036446 0.9064009 0.8978590 0.9000604 0.8886479 0.1273287 0.1269095 0.1311630 0.4105575 0.4094191 0.4196501 0.6507748 0.4965296 0.9618280 0.9813346 0.9447263 0.2312318 0.0674627 0.0696565 0.0733108 0.9048304 0.9026639 0.4674333 0.4606997 0.1534170 0.1564573 0.1506660 0.0821411 0.0711735 0.0678228 0.2140821 0.2245691 0.2220959 0.2230356 0.2229423 0.2327497 0.0000000 0.0320515 0.0320230 0.9379291 0.9388007 0.9368730 1.0492571 1.2459030 1.2505963 1.1071166 1.3118843 1.3262279 1.2275203 1.3104154 1.3148798 0.9456193 0.9488732 1.0730836 1.0845655 1.2920028 1.0971814 1.3153844 1.1747647 
SptMhc8    0.0506467 0.0559791 0.0549363 0.6245498 0.6121065 0.6183075 0.8821401 0.8804456 0.8831788 0.8732203 0.8712457 0.8669126 0.1306457 0.1301743 0.1360353 0.4013661 0.3983943 0.4084796 0.6375871 0.4869618 0.9415246 0.9632640 0.9287491 0.2278543 0.0575286 0.0505177 0.0575098 0.8866696 0.8845486 0.4563843 0.4507842 0.1352809 0.1361059 0.1322577 0.0904858 0.0759622 0.0687462 0.2019563 0.2108828 0.2046467 0.2139324 0.2068281 0.2143313 0.0320515 0.0000000 0.0114596 0.9077789 0.9065193 0.9032594 1.0290019 1.2135045 1.2187168 1.0676023 1.2687747 1.2746138 1.1864973 1.2613423 1.2747329 0.9215291 0.9162844 1.0524843 1.0551238 1.2684381 1.0682543 1.2855645 1.1423167 
HsMhc8     0.0522106 0.0523821 0.0547962 0.6291457 0.6217493 0.6266873 0.8876779 0.8859747 0.8887109 0.8788584 0.8768733 0.8725219 0.1264154 0.1260131 0.1280943 0.4059368 0.4029580 0.4130668 0.6392179 0.4899076 0.9471933 0.9651854 0.9343529 0.2288807 0.0538834 0.0504826 0.0521838 0.8881278 0.8860060 0.4595391 0.4539200 0.1353565 0.1361810 0.1323329 0.0866582 0.0722240 0.0650522 0.2025283 0.2114753 0.2052240 0.2152593 0.2080817 0.2126331 0.0320230 0.0114596 0.0000000 0.9136074 0.9123410 0.9090713 1.0307384 1.2231977 1.2262448 1.0756773 1.2673531 1.2859263 1.2000874 1.2768240 1.2877967 0.9173815 0.9183947 1.0594675 1.0579162 1.2716110 1.0799083 1.2942004 1.1444360 
CrgMhc9    0.9114466 0.8979585 0.9049547 0.9605119 0.9834853 0.9925891 0.1502545 0.1483951 0.1465495 0.1889776 0.1851310 0.1924267 0.9366361 0.9278213 0.9317514 0.9004221 0.8891641 0.8846145 1.1522746 0.9706324 0.2600716 0.2627641 0.2678601 0.9892459 0.9142452 0.9125955 0.9267875 0.3665939 0.3659275 0.8454433 0.8422677 0.9018412 0.8933714 0.9018722 0.9543866 0.9326450 0.9175416 0.9106731 0.9025202 0.8969362 0.8827771 0.8720417 0.8718862 0.9379291 0.9077789 0.9136074 0.0000000 0.0016424 0.0065916 0.9279445 1.1319973 1.1256395 0.9969132 1.2060697 1.1905670 1.0717048 1.2093279 1.2088385 0.7644631 0.7445988 0.8745549 0.8621790 1.0705786 0.8169132 1.1025283 0.9942119 
SptMhc9    0.9101943 0.8967171 0.9045209 0.9584506 0.9813488 0.9904545 0.1484134 0.1465557 0.1447104 0.1909007 0.1870499 0.1943482 0.9353307 0.9265444 0.9304670 0.8991664 0.8879221 0.8833810 1.1507240 0.9692883 0.2580382 0.2602835 0.2658143 0.9918262 0.9150874 0.9121603 0.9263534 0.3643515 0.3636859 0.8476684 0.8444849 0.9052743 0.8957263 0.8985402 0.9530770 0.9313650 0.9171070 0.9094155 0.9012741 0.8956902 0.8815046 0.8708279 0.8706710 0.9388007 0.9065193 0.9123410 0.0016424 0.0000000 0.0049416 0.9315751 1.1296029 1.1232123 0.9943387 1.2035463 1.1880443 1.0703570 1.2067589 1.2062710 0.7627249 0.7428970 0.8768866 0.8588631 1.0734388 0.8155569 1.1054726 0.9978762 
HsMhc9     0.9137308 0.8934908 0.9080607 0.9539728 0.9794009 0.9885130 0.1505689 0.1487049 0.1468556 0.1889240 0.1850765 0.1923721 0.9319922 0.9232670 0.9271757 0.9017274 0.8904718 0.8859203 1.1543748 0.9724998 0.2624024 0.2606262 0.2661033 0.9884643 0.9186543 0.9088967 0.9230788 0.3628268 0.3621607 0.8520445 0.8423152 0.9020332 0.8924908 0.8953078 0.9567454 0.9349644 0.9206819 0.9061129 0.8979907 0.8923994 0.8775253 0.8665321 0.8658779 0.9368730 0.9032594 0.9090713 0.0065916 0.0049416 0.0000000 0.9271112 1.1247189 1.1257849 0.9925103 1.2081448 1.1911292 1.0722704 1.2120260 1.2115344 0.7585188 0.7449449 0.8733893 0.8613857 1.0794239 0.8125772 1.1005550 0.9929694 
DdMhcA     1.0185772 1.0231301 1.0326802 0.9707736 0.9769429 0.9827649 0.9384366 0.9348231 0.9349230 0.9008338 0.8994416 0.9056595 1.0247587 1.0151243 1.0134260 0.9756235 0.9911262 1.0019623 1.1491908 1.0239254 1.0241262 1.1155996 1.0042860 1.1016594 1.0160370 1.0033631 1.0035649 0.9212417 0.9176025 0.9948948 0.9756780 1.0290207 1.0161542 1.0207140 1.0314726 1.0390006 1.0309828 1.0057902 0.9988400 0.9823449 1.0285023 0.9998630 1.0013807 1.0492571 1.0290019 1.0307384 0.9279445 0.9315751 0.9271112 0.0000000 0.9074615 0.9287659 1.0476070 1.0655950 1.0213904 1.1525478 1.0018378 0.9962962 0.8505771 0.8147220 0.9649905 0.8686488 1.1269858 0.9103964 1.0832723 1.0173766 
NfMhcA     1.2312277 1.2378183 1.2352783 1.1054770 1.1789693 1.1667106 1.1600187 1.1578445 1.1580338 1.1557361 1.1575864 1.1502577 1.2144892 1.2057544 1.2050393 1.1282230 1.1299254 1.1301077 1.3371593 1.2153613 1.2055324 1.2447474 1.2040369 1.2843362 1.2030079 1.2054025 1.2073109 1.0842305 1.0858767 1.1849175 1.1651327 1.2069556 1.1997321 1.1990758 1.2215461 1.2318078 1.2194727 1.1509188 1.1483878 1.1545932 1.1865382 1.1530436 1.1432808 1.2459030 1.2135045 1.2231977 1.1319973 1.1296029 1.1247189 0.9074615 0.0000000 0.0808512 1.1362864 0.6777437 0.7083970 1.1467059 0.4313538 0.3958257 1.0768984 1.0083422 1.1246909 1.0771398 1.1878848 1.1045308 1.2400216 1.2315381 
NgMhcA     1.2193788 1.2293987 1.2182401 1.1261790 1.1921451 1.1782033 1.1663159 1.1641114 1.1643053 1.1441531 1.1511111 1.1436795 1.2292051 1.2234981 1.2227672 1.1538772 1.1556783 1.1558397 1.3873905 1.2406122 1.2337123 1.2966149 1.2407726 1.3156563 1.2261602 1.2331707 1.2394239 1.1194791 1.1144302 1.2187339 1.2148356 1.2391626 1.2247442 1.2310690 1.2242518 1.2276961 1.2153808 1.1731921 1.1618610 1.1768337 1.2004130 1.1696179 1.1623253 1.2505963 1.2187168 1.2262448 1.1256395 1.1232123 1.1257849 0.9287659 0.0808512 0.0000000 1.1432596 0.6710768 0.7164877 1.1638222 0.4519588 0.4012354 1.1104094 1.0197104 1.1342159 1.0978412 1.1892329 1.1513318 1.2555696 1.2239182 
SpMhcA     1.0698343 1.0724996 1.0818466 1.0515979 1.0574692 1.0603086 0.9741831 0.9732253 0.9760862 0.9933397 0.9990881 1.0100094 1.0973705 1.0782312 1.0783686 1.0109756 1.0164224 1.0228936 1.2095305 1.1048800 1.0594169 1.0986858 1.0458371 1.1517366 1.0874140 1.0698044 1.0780043 0.9933822 0.9931006 1.0263102 1.0401056 1.0778319 1.0663877 1.0728847 1.0809190 1.0886022 1.0600639 1.0171890 1.0104264 1.0056427 1.0559544 1.0173760 1.0154153 1.1071166 1.0676023 1.0756773 0.9969132 0.9943387 0.9925103 1.0476070 1.1362864 1.1432596 0.0000000 1.2410182 1.2301213 0.7322769 1.2351481 1.2429937 0.7170341 0.6614423 0.6526129 0.6684231 0.9336979 0.6456645 1.0097779 0.8602954 
NgMhcB     1.2888730 1.3019994 1.2996202 1.3065021 1.3402625 1.3275952 1.1957832 1.1955240 1.1957306 1.2162578 1.2224242 1.2288917 1.3220191 1.3066107 1.3017927 1.2647041 1.2523809 1.2481465 1.4474114 1.3680774 1.2550424 1.3096539 1.2488991 1.4028974 1.3112328 1.3102657 1.3032101 1.1958568 1.1921939 1.2499099 1.2573178 1.3087218 1.3029290 1.3015850 1.2910041 1.3065576 1.2971137 1.2462224 1.2499361 1.2486710 1.2950193 1.2509528 1.2490670 1.3118843 1.2687747 1.2673531 1.2060697 1.2035463 1.2081448 1.0655950 0.6777437 0.6710768 1.2410182 0.0000000 0.1941926 1.3530459 0.7225398 0.7347304 1.1877105 1.1683487 1.2991062 1.2328606 1.2521557 1.1807377 1.3163391 1.3185567 
NfMhcB     1.2809635 1.2857491 1.2728284 1.2626072 1.3192680 1.3172950 1.1885619 1.1883732 1.1885777 1.1756254 1.1684889 1.1833409 1.3311400 1.3118034 1.3069193 1.2513503 1.2315610 1.2407496 1.4631352 1.3457810 1.2801330 1.2860542 1.2787265 1.3703647 1.2937272 1.2785239 1.2853620 1.2028779 1.1977022 1.2520581 1.2586839 1.2968902 1.2965512 1.2951973 1.2799264 1.2873742 1.2760344 1.2561305 1.2550335 1.2532882 1.2785329 1.2310956 1.2289889 1.3262279 1.2746138 1.2859263 1.1905670 1.1880443 1.1911292 1.0213904 0.7083970 0.7164877 1.2301213 0.1941926 0.0000000 1.3648138 0.7193779 0.7478636 1.1856610 1.1366698 1.2652736 1.2408898 1.2975905 1.1910906 1.3594380 1.3178859 
SpMhcB     1.1762177 1.1953191 1.1956894 1.1838573 1.1947043 1.1957073 1.0662300 1.0664413 1.0693091 1.0909680 1.0995777 1.0925484 1.2172414 1.2021830 1.2004018 1.1113135 1.1140339 1.1035670 1.3480131 1.2610109 1.1199510 1.1904862 1.1019552 1.2659662 1.1880407 1.1882188 1.1846958 1.1145615 1.1129707 1.1518293 1.1718642 1.1955332 1.1827424 1.1905384 1.2230737 1.2037360 1.1913845 1.1604725 1.1566853 1.1460221 1.1966661 1.1528138 1.1631352 1.2275203 1.1864973 1.2000874 1.0717048 1.0703570 1.0722704 1.1525478 1.1467059 1.1638222 0.7322769 1.3530459 1.3648138 0.0000000 1.2002772 1.1860765 0.8910284 0.8119663 0.7754399 0.7248600 1.0206961 0.6918517 1.0968905 0.9347478 
NgMhcC     1.2763448 1.3063262 1.2836199 1.2613196 1.2951612 1.2906709 1.2534914 1.2511667 1.2513985 1.2404356 1.2591684 1.2678928 1.3052410 1.2956882 1.2949023 1.2195941 1.2219387 1.2245296 1.4155827 1.2956795 1.2821511 1.3432682 1.2890412 1.3839105 1.2854517 1.2821852 1.2801375 1.2186240 1.2178368 1.2097405 1.2023123 1.2441036 1.2394811 1.2458090 1.2961133 1.3036597 1.2663639 1.2458817 1.2380332 1.2336313 1.2669794 1.2514387 1.2403471 1.3104154 1.2613423 1.2768240 1.2093279 1.2067589 1.2120260 1.0018378 0.4313538 0.4519588 1.2351481 0.7225398 0.7193779 1.2002772 0.0000000 0.1464751 1.1885116 1.1553182 1.2777346 1.1490443 1.2998387 1.2110591 1.3089670 1.2841445 
NfMhcC     1.2922654 1.3177714 1.2905440 1.2275923 1.2927526 1.2816241 1.2660261 1.2636789 1.2639169 1.2834523 1.2811954 1.2782966 1.3102039 1.2947243 1.3001427 1.2034140 1.2056527 1.2082226 1.4080012 1.2574877 1.3095276 1.3657323 1.3005110 1.3581611 1.2798398 1.2808600 1.2851750 1.2584514 1.2547714 1.2613330 1.2540814 1.2857863 1.2830254 1.2850766 1.3000628 1.3096382 1.2855055 1.2476876 1.2349067 1.2509376 1.2811844 1.2536844 1.2425451 1.3148798 1.2747329 1.2877967 1.2088385 1.2062710 1.2115344 0.9962962 0.3958257 0.4012354 1.2429937 0.7347304 0.7478636 1.1860765 0.1464751 0.0000000 1.1730676 1.1418888 1.2526396 1.1118435 1.2909119 1.1895094 1.3373067 1.3004780 
Bad_aMhc   0.9272819 0.9279132 0.9364713 0.9101260 0.9315036 0.9209386 0.7564680 0.7553781 0.7526860 0.7727259 0.7681557 0.7679453 0.9256727 0.9176795 0.9179395 0.8822247 0.8628382 0.8721604 1.0483288 0.9424693 0.8414144 0.8770281 0.8274155 0.9693439 0.9242323 0.9292343 0.9375250 0.7561154 0.7477221 0.9044120 0.8893406 0.9283650 0.9046711 0.9155478 0.9367071 0.9431344 0.9218996 0.8833797 0.8837666 0.8963943 0.9075682 0.8908605 0.8854444 0.9456193 0.9215291 0.9173815 0.7644631 0.7627249 0.7585188 0.8505771 1.0768984 1.1104094 0.7170341 1.1877105 1.1856610 0.8910284 1.1885116 1.1730676 0.0000000 0.2978365 0.6909228 0.6041228 0.9713410 0.6551346 1.0757979 0.8090095 
